SCENE
MODEL AI
LM head 0.005868 0.436702 -0.004391
LM nozzle 0.005868 0.436702 -0.297863
MPART head 84
DIFFUSEMAP skin skin-AI-head.png
VERTEX -0.087646 0.488591 0.060839 0.000000 0.939159 -1.000000 0.000000 0.000000
VERTEX -0.087646 0.393210 -0.060839 0.234870 0.469579 -1.000000 0.000000 0.000000
VERTEX -0.087646 0.393210 0.060839 0.234870 0.939159 -1.000000 0.000000 0.000000
VERTEX 0.020973 0.421356 -0.060839 0.911757 0.000000 1.000000 0.000000 0.000000
VERTEX 0.020973 0.460445 -0.281105 0.815504 0.850054 1.000000 0.000000 0.000000
VERTEX 0.020973 0.460445 -0.060839 0.815504 0.000000 1.000000 0.000000 0.000000
VERTEX 0.096115 0.488591 -0.060839 0.234870 0.939159 1.000000 0.000000 0.000000
VERTEX 0.096115 0.393210 0.060839 0.469740 0.469579 1.000000 0.000000 0.000000
VERTEX 0.096115 0.393210 -0.060839 0.469740 0.939159 1.000000 0.000000 0.000000
VERTEX 0.096115 0.488591 0.060839 0.704611 0.469579 0.000000 0.000000 1.000000
VERTEX -0.087646 0.393210 0.060839 0.469740 0.849149 0.000000 0.000000 1.000000
VERTEX 0.096115 0.393210 0.060839 0.469740 0.469580 0.000000 0.000000 1.000000
VERTEX 0.096115 0.393210 -0.060839 0.242190 0.000000 0.000000 -1.000000 0.000000
VERTEX -0.087646 0.393210 0.060839 0.000000 0.469579 0.000000 -1.000000 0.000000
VERTEX -0.087646 0.393210 -0.060839 0.000000 0.000000 0.000000 -1.000000 0.000000
VERTEX -0.087646 0.488591 -0.060839 0.242190 0.469579 0.000000 1.000000 -0.000000
VERTEX 0.096115 0.488591 0.060839 0.484380 0.000000 0.000000 1.000000 -0.000000
VERTEX 0.096115 0.488591 -0.060839 0.484380 0.469579 0.000000 1.000000 -0.000000
VERTEX -0.012504 0.421356 -0.060839 0.553689 0.155210 0.000000 -0.000000 -1.000000
VERTEX -0.087646 0.488591 -0.060839 0.719250 0.000000 0.000000 -0.000000 -1.000000
VERTEX -0.012504 0.460445 -0.060839 0.649942 0.155210 0.000000 -0.000000 -1.000000
VERTEX 0.020973 0.421356 -0.060839 0.553689 0.224359 0.000000 -0.000000 -1.000000
VERTEX -0.087646 0.393210 -0.060839 0.484380 0.000000 0.000000 -0.000000 -1.000000
VERTEX -0.012504 0.421356 -0.060839 0.553689 0.155210 0.000000 -0.000000 -1.000000
VERTEX -0.012504 0.460445 -0.060839 0.649942 0.155210 0.000000 -0.000000 -1.000000
VERTEX 0.096115 0.488591 -0.060839 0.719250 0.379569 0.000000 -0.000000 -1.000000
VERTEX 0.020973 0.460445 -0.060839 0.649942 0.224359 0.000000 -0.000000 -1.000000
VERTEX 0.020973 0.460445 -0.060839 0.649942 0.224359 0.000000 -0.000000 -1.000000
VERTEX 0.096115 0.393210 -0.060839 0.484380 0.379569 0.000000 -0.000000 -1.000000
VERTEX 0.020973 0.421356 -0.060839 0.553689 0.224359 0.000000 -0.000000 -1.000000
VERTEX -0.012504 0.460445 -0.281105 0.469740 0.849149 0.000000 -0.000000 -1.000000
VERTEX 0.020973 0.421356 -0.281105 0.513862 1.000000 0.000000 -0.000000 -1.000000
VERTEX -0.012504 0.421356 -0.281105 0.469741 1.000000 0.000000 -0.000000 -1.000000
VERTEX -0.012504 0.421356 -0.060839 0.911757 0.850054 0.000000 -1.000000 0.000000
VERTEX 0.020973 0.421356 -0.281105 0.955878 0.000000 0.000000 -1.000000 0.000000
VERTEX 0.020973 0.421356 -0.060839 0.955878 0.850054 0.000000 -1.000000 0.000000
VERTEX 0.020973 0.460445 -0.060839 0.955878 0.850054 0.000000 1.000000 -0.000000
VERTEX -0.012504 0.460445 -0.281105 1.000000 0.000000 0.000000 1.000000 -0.000000
VERTEX -0.012504 0.460445 -0.060839 1.000000 0.850054 0.000000 1.000000 -0.000000
VERTEX -0.012504 0.460445 -0.060839 0.719251 0.850054 -1.000000 0.000000 0.000000
VERTEX -0.012504 0.421356 -0.281105 0.815503 0.000000 -1.000000 0.000000 0.000000
VERTEX -0.012504 0.421356 -0.060839 0.815504 0.850054 -1.000000 0.000000 0.000000
VERTEX -0.087646 0.488591 0.060839 0.000000 0.939159 -1.000000 0.000000 0.000000
VERTEX -0.087646 0.488591 -0.060839 0.000000 0.469580 -1.000000 0.000000 0.000000
VERTEX -0.087646 0.393210 -0.060839 0.234870 0.469579 -1.000000 0.000000 0.000000
VERTEX 0.020973 0.421356 -0.060839 0.911757 0.000000 1.000000 0.000000 0.000000
VERTEX 0.020973 0.421356 -0.281105 0.911757 0.850054 1.000000 0.000000 0.000000
VERTEX 0.020973 0.460445 -0.281105 0.815504 0.850054 1.000000 0.000000 0.000000
VERTEX 0.096115 0.488591 -0.060839 0.234870 0.939159 1.000000 0.000000 0.000000
VERTEX 0.096115 0.488591 0.060839 0.234870 0.469579 1.000000 0.000000 0.000000
VERTEX 0.096115 0.393210 0.060839 0.469740 0.469579 1.000000 0.000000 0.000000
VERTEX 0.096115 0.488591 0.060839 0.704611 0.469579 0.000000 0.000000 1.000000
VERTEX -0.087646 0.488591 0.060839 0.704611 0.849149 0.000000 0.000000 1.000000
VERTEX -0.087646 0.393210 0.060839 0.469740 0.849149 0.000000 0.000000 1.000000
VERTEX 0.096115 0.393210 -0.060839 0.242190 0.000000 0.000000 -1.000000 0.000000
VERTEX 0.096115 0.393210 0.060839 0.242190 0.469579 0.000000 -1.000000 0.000000
VERTEX -0.087646 0.393210 0.060839 0.000000 0.469579 0.000000 -1.000000 0.000000
VERTEX -0.087646 0.488591 -0.060839 0.242190 0.469579 0.000000 1.000000 -0.000000
VERTEX -0.087646 0.488591 0.060839 0.242190 0.000000 0.000000 1.000000 -0.000000
VERTEX 0.096115 0.488591 0.060839 0.484380 0.000000 0.000000 1.000000 -0.000000
VERTEX -0.012504 0.421356 -0.060839 0.553689 0.155210 0.000000 -0.000000 -1.000000
VERTEX -0.087646 0.393210 -0.060839 0.484380 0.000000 0.000000 -0.000000 -1.000000
VERTEX -0.087646 0.488591 -0.060839 0.719250 0.000000 0.000000 -0.000000 -1.000000
VERTEX 0.020973 0.421356 -0.060839 0.553689 0.224359 0.000000 -0.000000 -1.000000
VERTEX 0.096115 0.393210 -0.060839 0.484380 0.379569 0.000000 -0.000000 -1.000000
VERTEX -0.087646 0.393210 -0.060839 0.484380 0.000000 0.000000 -0.000000 -1.000000
VERTEX -0.012504 0.460445 -0.060839 0.649942 0.155210 0.000000 -0.000000 -1.000000
VERTEX -0.087646 0.488591 -0.060839 0.719250 0.000000 0.000000 -0.000000 -1.000000
VERTEX 0.096115 0.488591 -0.060839 0.719250 0.379569 0.000000 -0.000000 -1.000000
VERTEX 0.020973 0.460445 -0.060839 0.649942 0.224359 0.000000 -0.000000 -1.000000
VERTEX 0.096115 0.488591 -0.060839 0.719250 0.379569 0.000000 -0.000000 -1.000000
VERTEX 0.096115 0.393210 -0.060839 0.484380 0.379569 0.000000 -0.000000 -1.000000
VERTEX -0.012504 0.460445 -0.281105 0.469740 0.849149 0.000000 -0.000000 -1.000000
VERTEX 0.020973 0.460445 -0.281105 0.513862 0.849149 0.000000 -0.000000 -1.000000
VERTEX 0.020973 0.421356 -0.281105 0.513862 1.000000 0.000000 -0.000000 -1.000000
VERTEX -0.012504 0.421356 -0.060839 0.911757 0.850054 0.000000 -1.000000 0.000000
VERTEX -0.012504 0.421356 -0.281105 0.911757 0.000000 0.000000 -1.000000 0.000000
VERTEX 0.020973 0.421356 -0.281105 0.955878 0.000000 0.000000 -1.000000 0.000000
VERTEX 0.020973 0.460445 -0.060839 0.955878 0.850054 0.000000 1.000000 -0.000000
VERTEX 0.020973 0.460445 -0.281105 0.955878 0.000000 0.000000 1.000000 -0.000000
VERTEX -0.012504 0.460445 -0.281105 1.000000 0.000000 0.000000 1.000000 -0.000000
VERTEX -0.012504 0.460445 -0.060839 0.719251 0.850054 -1.000000 0.000000 0.000000
VERTEX -0.012504 0.460445 -0.281105 0.719250 0.000000 -1.000000 0.000000 0.000000
VERTEX -0.012504 0.421356 -0.281105 0.815503 0.000000 -1.000000 0.000000 0.000000
MPART neck 36
DIFFUSEMAP skin skin-AI-neck.png
VERTEX -0.023168 0.391974 0.020762 0.000000 0.500000 -1.000000 0.000000 0.000000
VERTEX -0.023168 0.352169 -0.020762 0.335985 0.000000 -1.000000 0.000000 0.000000
VERTEX -0.023168 0.352169 0.020762 0.335985 0.500000 -1.000000 0.000000 0.000000
VERTEX -0.023168 0.391974 -0.020762 0.671970 0.000000 0.000000 -0.000000 -1.000000
VERTEX 0.025088 0.352169 -0.020762 1.000000 0.479293 0.000000 -0.000000 -1.000000
VERTEX -0.023168 0.352169 -0.020762 0.671970 0.479293 0.000000 -0.000000 -1.000000
VERTEX 0.025088 0.391974 -0.020762 0.335985 0.500000 1.000000 0.000000 0.000000
VERTEX 0.025088 0.352169 0.020762 0.671970 0.000000 1.000000 0.000000 0.000000
VERTEX 0.025088 0.352169 -0.020762 0.671970 0.500000 1.000000 0.000000 0.000000
VERTEX 0.025088 0.391974 0.020762 0.664015 0.500000 0.000000 0.000000 1.000000
VERTEX -0.023168 0.352169 0.020762 0.992045 0.979293 0.000000 0.000000 1.000000
VERTEX 0.025088 0.352169 0.020762 0.664015 0.979293 0.000000 0.000000 1.000000
VERTEX 0.025088 0.352169 -0.020762 0.664015 0.500000 0.000000 -1.000000 0.000000
VERTEX -0.023168 0.352169 0.020762 0.335985 1.000000 0.000000 -1.000000 0.000000
VERTEX -0.023168 0.352169 -0.020762 0.335985 0.500000 0.000000 -1.000000 0.000000
VERTEX -0.023168 0.391974 -0.020762 0.007955 1.000000 0.000000 1.000000 -0.000000
VERTEX 0.025088 0.391974 0.020762 0.335985 0.500000 0.000000 1.000000 -0.000000
VERTEX 0.025088 0.391974 -0.020762 0.335985 1.000000 0.000000 1.000000 -0.000000
VERTEX -0.023168 0.391974 0.020762 0.000000 0.500000 -1.000000 0.000000 0.000000
VERTEX -0.023168 0.391974 -0.020762 0.000000 0.000000 -1.000000 0.000000 0.000000
VERTEX -0.023168 0.352169 -0.020762 0.335985 0.000000 -1.000000 0.000000 0.000000
VERTEX -0.023168 0.391974 -0.020762 0.671970 0.000000 0.000000 -0.000000 -1.000000
VERTEX 0.025088 0.391974 -0.020762 1.000000 0.000000 0.000000 -0.000000 -1.000000
VERTEX 0.025088 0.352169 -0.020762 1.000000 0.479293 0.000000 -0.000000 -1.000000
VERTEX 0.025088 0.391974 -0.020762 0.335985 0.500000 1.000000 0.000000 0.000000
VERTEX 0.025088 0.391974 0.020762 0.335985 0.000000 1.000000 0.000000 0.000000
VERTEX 0.025088 0.352169 0.020762 0.671970 0.000000 1.000000 0.000000 0.000000
VERTEX 0.025088 0.391974 0.020762 0.664015 0.500000 0.000000 0.000000 1.000000
VERTEX -0.023168 0.391974 0.020762 0.992045 0.500000 0.000000 0.000000 1.000000
VERTEX -0.023168 0.352169 0.020762 0.992045 0.979293 0.000000 0.000000 1.000000
VERTEX 0.025088 0.352169 -0.020762 0.664015 0.500000 0.000000 -1.000000 0.000000
VERTEX 0.025088 0.352169 0.020762 0.664015 1.000000 0.000000 -1.000000 0.000000
VERTEX -0.023168 0.352169 0.020762 0.335985 1.000000 0.000000 -1.000000 0.000000
VERTEX -0.023168 0.391974 -0.020762 0.007955 1.000000 0.000000 1.000000 -0.000000
VERTEX -0.023168 0.391974 0.020762 0.007955 0.500000 0.000000 1.000000 -0.000000
VERTEX 0.025088 0.391974 0.020762 0.335985 0.500000 0.000000 1.000000 -0.000000
MPART body 36
DIFFUSEMAP skin skin-AI-body.png
VERTEX -0.157554 0.351787 0.099014 0.000000 0.483667 -1.000000 0.000000 0.000000
VERTEX -0.157554 -0.000000 -0.099014 0.252314 0.967334 -1.000000 0.000000 0.000000
VERTEX -0.157554 0.000000 0.099014 0.000000 0.967334 -1.000000 0.000000 0.000000
VERTEX -0.157554 0.351787 -0.099014 0.323463 0.000000 0.000000 -0.000000 -1.000000
VERTEX 0.157673 -0.000000 -0.099014 0.646926 0.483667 0.000000 -0.000000 -1.000000
VERTEX -0.157554 -0.000000 -0.099014 0.323463 0.483667 0.000000 -0.000000 -1.000000
VERTEX 0.157673 0.351787 -0.099014 0.504628 0.967333 1.000000 0.000000 0.000000
VERTEX 0.157673 0.000000 0.099014 0.252314 0.483667 1.000000 0.000000 0.000000
VERTEX 0.157673 -0.000000 -0.099014 0.504628 0.483667 1.000000 0.000000 0.000000
VERTEX 0.157673 0.351787 0.099014 0.000000 0.000000 0.000000 0.000000 1.000000
VERTEX -0.157554 0.000000 0.099014 0.323463 0.483667 0.000000 0.000000 1.000000
VERTEX 0.157673 0.000000 0.099014 0.000000 0.483667 0.000000 0.000000 1.000000
VERTEX 0.157673 -0.000000 -0.099014 0.504628 0.483667 0.000000 -1.000000 0.000000
VERTEX -0.157554 0.000000 0.099014 0.756942 0.832707 0.000000 -1.000000 0.000000
VERTEX -0.157554 -0.000000 -0.099014 0.504628 0.832707 0.000000 -1.000000 0.000000
VERTEX -0.157554 0.351787 -0.099014 0.899240 0.349041 0.000000 1.000000 -0.000000
VERTEX 0.157673 0.351787 0.099014 0.646926 0.000000 0.000000 1.000000 -0.000000
VERTEX 0.157673 0.351787 -0.099014 0.899240 0.000000 0.000000 1.000000 -0.000000
VERTEX -0.157554 0.351787 0.099014 0.000000 0.483667 -1.000000 0.000000 0.000000
VERTEX -0.157554 0.351787 -0.099014 0.252314 0.483667 -1.000000 0.000000 0.000000
VERTEX -0.157554 -0.000000 -0.099014 0.252314 0.967334 -1.000000 0.000000 0.000000
VERTEX -0.157554 0.351787 -0.099014 0.323463 0.000000 0.000000 -0.000000 -1.000000
VERTEX 0.157673 0.351787 -0.099014 0.646926 0.000000 0.000000 -0.000000 -1.000000
VERTEX 0.157673 -0.000000 -0.099014 0.646926 0.483667 0.000000 -0.000000 -1.000000
VERTEX 0.157673 0.351787 -0.099014 0.504628 0.967333 1.000000 0.000000 0.000000
VERTEX 0.157673 0.351787 0.099014 0.252314 0.967334 1.000000 0.000000 0.000000
VERTEX 0.157673 0.000000 0.099014 0.252314 0.483667 1.000000 0.000000 0.000000
VERTEX 0.157673 0.351787 0.099014 0.000000 0.000000 0.000000 0.000000 1.000000
VERTEX -0.157554 0.351787 0.099014 0.323463 0.000000 0.000000 0.000000 1.000000
VERTEX -0.157554 0.000000 0.099014 0.323463 0.483667 0.000000 0.000000 1.000000
VERTEX 0.157673 -0.000000 -0.099014 0.504628 0.483667 0.000000 -1.000000 0.000000
VERTEX 0.157673 0.000000 0.099014 0.756942 0.483667 0.000000 -1.000000 0.000000
VERTEX -0.157554 0.000000 0.099014 0.756942 0.832707 0.000000 -1.000000 0.000000
VERTEX -0.157554 0.351787 -0.099014 0.899240 0.349041 0.000000 1.000000 -0.000000
VERTEX -0.157554 0.351787 0.099014 0.646926 0.349040 0.000000 1.000000 -0.000000
VERTEX 0.157673 0.351787 0.099014 0.646926 0.000000 0.000000 1.000000 -0.000000
MODEL PLAYER
LM CAM_POS 0.000000 0.750000 -0.000000
MPART BOUNDING_BOX 36
VERTEX -0.250000 0.500000 0.250000 0.000000 0.666667 -1.000000 0.000000 0.000000
VERTEX -0.250000 0.000000 -0.250000 0.333333 0.333333 -1.000000 0.000000 0.000000
VERTEX -0.250000 0.000000 0.250000 0.333333 0.666667 -1.000000 0.000000 0.000000
VERTEX -0.250000 0.500000 -0.250000 0.333333 0.000000 0.000000 -0.000000 -1.000000
VERTEX 0.250000 0.000000 -0.250000 0.666667 0.333333 0.000000 -0.000000 -1.000000
VERTEX -0.250000 0.000000 -0.250000 0.333333 0.333333 0.000000 -0.000000 -1.000000
VERTEX 0.250000 0.500000 -0.250000 0.666667 0.666667 1.000000 0.000000 0.000000
VERTEX 0.250000 0.000000 0.250000 0.333333 0.333333 1.000000 0.000000 0.000000
VERTEX 0.250000 0.000000 -0.250000 0.666667 0.333333 1.000000 0.000000 0.000000
VERTEX 0.250000 0.500000 0.250000 0.000000 0.000000 0.000000 0.000000 1.000000
VERTEX -0.250000 0.000000 0.250000 0.333333 0.333333 0.000000 0.000000 1.000000
VERTEX 0.250000 0.000000 0.250000 0.000000 0.333333 0.000000 0.000000 1.000000
VERTEX 0.250000 0.000000 -0.250000 0.666667 0.000000 0.000000 -1.000000 0.000000
VERTEX -0.250000 0.000000 0.250000 1.000000 0.333333 0.000000 -1.000000 0.000000
VERTEX -0.250000 0.000000 -0.250000 0.666667 0.333333 0.000000 -1.000000 0.000000
VERTEX -0.250000 0.500000 -0.250000 0.000000 1.000000 0.000000 1.000000 -0.000000
VERTEX 0.250000 0.500000 0.250000 0.333333 0.666667 0.000000 1.000000 -0.000000
VERTEX 0.250000 0.500000 -0.250000 0.333333 1.000000 0.000000 1.000000 -0.000000
VERTEX -0.250000 0.500000 0.250000 0.000000 0.666667 -1.000000 0.000000 0.000000
VERTEX -0.250000 0.500000 -0.250000 0.000000 0.333333 -1.000000 0.000000 0.000000
VERTEX -0.250000 0.000000 -0.250000 0.333333 0.333333 -1.000000 0.000000 0.000000
VERTEX -0.250000 0.500000 -0.250000 0.333333 0.000000 0.000000 -0.000000 -1.000000
VERTEX 0.250000 0.500000 -0.250000 0.666667 0.000000 0.000000 -0.000000 -1.000000
VERTEX 0.250000 0.000000 -0.250000 0.666667 0.333333 0.000000 -0.000000 -1.000000
VERTEX 0.250000 0.500000 -0.250000 0.666667 0.666667 1.000000 0.000000 0.000000
VERTEX 0.250000 0.500000 0.250000 0.333333 0.666667 1.000000 0.000000 0.000000
VERTEX 0.250000 0.000000 0.250000 0.333333 0.333333 1.000000 0.000000 0.000000
VERTEX 0.250000 0.500000 0.250000 0.000000 0.000000 0.000000 0.000000 1.000000
VERTEX -0.250000 0.500000 0.250000 0.333333 0.000000 0.000000 0.000000 1.000000
VERTEX -0.250000 0.000000 0.250000 0.333333 0.333333 0.000000 0.000000 1.000000
VERTEX 0.250000 0.000000 -0.250000 0.666667 0.000000 0.000000 -1.000000 0.000000
VERTEX 0.250000 0.000000 0.250000 1.000000 0.000000 0.000000 -1.000000 0.000000
VERTEX -0.250000 0.000000 0.250000 1.000000 0.333333 0.000000 -1.000000 0.000000
VERTEX -0.250000 0.500000 -0.250000 0.000000 1.000000 0.000000 1.000000 -0.000000
VERTEX -0.250000 0.500000 0.250000 0.000000 0.666667 0.000000 1.000000 -0.000000
VERTEX 0.250000 0.500000 0.250000 0.333333 0.666667 0.000000 1.000000 -0.000000
